sitemap-inclusion-options = 2025-10-13T17:45:00+01:00
branch-wise-lastmod = 2025-12-06T14:02:08.679835+00:00
hot-reload = 2026-01-26T20:23:43.058880+00:00
